x <- c(1,2,3)
y <- c(1:5,3:1)
z <- c(rep(1,10))