Vec_Q2 <- c(1:10)